%YAML:1.0
---
extrinsicRotation: !!opencv-matrix
   rows: 3
   cols: 3
   dt: d
   data: [ 5.1681538219678913e-03, 3.4854583101029402e-03, 9.9998057069447177e-01,
    -9.9959236413613106e-01, 2.8096596711795541e-02, 5.0682160525435394e-03,
       -2.8078385758676216e-02, -9.9959913607084694e-01, 3.6292450459740611e-03 ]
extrinsicTranslation: !!opencv-matrix
   rows: 3
   cols: 1
   dt: d
   data: [ 1.0434364279956994e-01, 4.5461435353326279e-02, -2.1598380491973344e-02 ]
